% Press "Run" to load the data in to the MATLAB workspace. To get started,
% try typing "plot(freqHz, mag)" in the command window (after running this
% file). 
% Type "help semilogx" and "help plot" or go to the Mathworks documentation 
% page on "plot" to learn more. Pay special attention to "hold."
% Other useful things: help grid, help subplot, help rad2deg.
freq_hz = [...
   100.000, 	   112.200, 	   125.900, ...
   141.300, 	   158.500, 	   177.800, ...
   199.500, 	   223.900, 	   251.200, ...
   281.800, 	   316.200, 	   354.800, ...
   398.100, 	   446.700, 	   501.200, ...
   562.300, 	   631.000, 	   707.900, ...
   794.300, 	   891.300, 	  1000.000, ...
  1122.000, 	  1259.000, 	  1413.000, ...
  1585.000, 	  1778.000, 	  1995.000, ...
  2239.000, 	  2512.000, 	  2818.000, ...
  3162.000, 	  3548.000, 	  3981.000, ...
  4467.000, 	  5012.000, 	  5623.000, ...
  6310.000, 	  7079.000, 	  7943.000, ...
  8913.000, 	 10000.000, 	 11220.000, ...
 12590.000, 	 14130.000, 	 15850.000, ...
 17780.000, 	 19950.000, 	 22390.000, ...
 25120.000, 	 28180.000, 	 31620.000, ...
 35480.000, 	 39810.000, 	 44670.000, ...
 50120.000, 	 56230.000, 	 63100.000, ...
 70790.000, 	 79430.000, 	 89130.000, ...
100000.000];

mag_dB = [...
    73.280, 	    72.298, 	    71.322, ...
    70.364, 	    69.370, 	    68.393, ...
    67.422, 	    66.468, 	    65.507, ...
    64.586, 	    63.645, 	    62.773, ...
    61.905, 	    61.054, 	    60.282, ...
    59.532, 	    58.841, 	    58.199, ...
    57.568, 	    57.024, 	    56.450, ...
    56.017, 	    55.490, 	    55.052, ...
    54.595, 	    54.116, 	    53.610, ...
    53.095, 	    52.538, 	    51.961, ...
    51.358, 	    50.651, 	    49.932, ...
    49.180, 	    48.388, 	    47.556, ...
    46.640, 	    45.787, 	    44.948, ...
    44.044, 	    43.107, 	    42.170, ...
    41.153, 	    40.204, 	    39.237, ...
    38.273, 	    37.315, 	    36.350, ...
    35.426, 	    34.439, 	    33.427, ...
    32.443, 	    31.401, 	    30.517, ...
    29.536, 	    28.562, 	    27.533, ...
    26.562, 	    25.509, 	    24.533, ...
    23.636];

mag_v = [...
  4612.965, 	  4119.792, 	  3682.330, ...
  3297.640, 	  2941.123, 	  2628.266, ...
  2350.232, 	  2105.775, 	  1885.275, ...
  1695.599, 	  1521.464, 	  1376.085, ...
  1245.285, 	  1129.061, 	  1032.995, ...
   947.576, 	   875.109, 	   812.696, ...
   755.790, 	   709.929, 	   664.506, ...
   632.199, 	   594.989, 	   565.723, ...
   536.733, 	   507.953, 	   479.177, ...
   451.614, 	   423.540, 	   396.325, ...
   369.745, 	   340.841, 	   313.766, ...
   287.732, 	   262.672, 	   238.683, ...
   214.772, 	   194.700, 	   176.770, ...
   159.300, 	   143.004, 	   128.387, ...
   114.195, 	   102.380, 	    91.589, ...
    81.973, 	    73.408, 	    65.688, ...
    59.058, 	    52.715, 	    46.919, ...
    41.895, 	    37.156, 	    33.562, ...
    29.977, 	    26.797, 	    23.805, ...
    21.286, 	    18.856, 	    16.852, ...
    15.198];

mag_vout = [...
    12.172, 	    12.181, 	    12.188, ...
    12.190, 	    12.189, 	    12.180, ...
    12.171, 	    12.150, 	    12.125, ...
    12.089, 	    12.046, 	    11.987, ...
    11.916, 	    11.828, 	    11.720, ...
    11.586, 	    11.426, 	    11.231, ...
    11.005, 	    10.736, 	    10.426, ...
    10.075, 	     9.680, 	     9.241, ...
     8.769, 	     8.271, 	     7.744, ...
     7.209, 	     6.675, 	     6.149, ...
     5.639, 	     5.135, 	     4.672, ...
     4.237, 	     3.827, 	     3.453, ...
     3.085, 	     2.776, 	     2.509, ...
     2.250, 	     2.017, 	     1.804, ...
     1.601, 	     1.431, 	     1.278, ...
     1.143, 	     1.018, 	     0.910, ...
     0.814, 	     0.726, 	     0.653, ...
     0.584, 	     0.518, 	     0.463, ...
     0.418, 	     0.373, 	     0.332, ...
     0.297, 	     0.263, 	     0.235, ...
     0.212];

mag_vin = [...
     0.003, 	     0.003, 	     0.003, ...
     0.004, 	     0.004, 	     0.005, ...
     0.005, 	     0.006, 	     0.006, ...
     0.007, 	     0.008, 	     0.009, ...
     0.010, 	     0.010, 	     0.011, ...
     0.012, 	     0.013, 	     0.014, ...
     0.015, 	     0.015, 	     0.016, ...
     0.016, 	     0.016, 	     0.016, ...
     0.016, 	     0.016, 	     0.016, ...
     0.016, 	     0.016, 	     0.016, ...
     0.015, 	     0.015, 	     0.015, ...
     0.015, 	     0.015, 	     0.014, ...
     0.014, 	     0.014, 	     0.014, ...
     0.014, 	     0.014, 	     0.014, ...
     0.014, 	     0.014, 	     0.014, ...
     0.014, 	     0.014, 	     0.014, ...
     0.014, 	     0.014, 	     0.014, ...
     0.014, 	     0.014, 	     0.014, ...
     0.014, 	     0.014, 	     0.014, ...
     0.014, 	     0.014, 	     0.014, ...
     0.014];

phase_rad = [...
    -1.281, 	    -1.276, 	    -1.270, ...
    -1.255, 	    -1.239, 	    -1.220, ...
    -1.194, 	    -1.165, 	    -1.129, ...
    -1.089, 	    -1.042, 	    -0.991, ...
    -0.934, 	    -0.868, 	    -0.798, ...
    -0.723, 	    -0.642, 	    -0.556, ...
    -0.466, 	    -0.374, 	    -0.278, ...
    -0.192, 	    -0.086, 	     0.010, ...
     0.110, 	     0.206, 	     0.302, ...
     0.396, 	     0.487, 	     0.574, ...
     0.659, 	     0.736, 	     0.811, ...
     0.883, 	     0.949, 	     1.010, ...
     1.063, 	     1.115, 	     1.160, ...
     1.201, 	     1.239, 	     1.273, ...
     1.303, 	     1.330, 	     1.354, ...
     1.375, 	     1.392, 	     1.410, ...
     1.422, 	     1.435, 	     1.445, ...
     1.455, 	     1.461, 	     1.467, ...
     1.474, 	     1.474, 	     1.478, ...
     1.483, 	     1.485, 	     1.488, ...
     1.492];
