% Press "Run" to load the data in to the MATLAB workspace. To get started,
% try typing "plot(freqHz, mag)" in the command window (after running this
% file). 
% Type "help semilogx" and "help plot" or go to the Mathworks documentation 
% page on "plot" to learn more. Pay special attention to "hold."
% Other useful things: help grid, help subplot, help rad2deg.
freq_hz = [...
   100.000, 	   112.200, 	   125.900, ...
   141.300, 	   158.500, 	   177.800, ...
   199.500, 	   223.900, 	   251.200, ...
   281.800, 	   316.200, 	   354.800, ...
   398.100, 	   446.700, 	   501.200, ...
   562.300, 	   631.000, 	   707.900, ...
   794.300, 	   891.300, 	  1000.000, ...
  1122.000, 	  1259.000, 	  1413.000, ...
  1585.000, 	  1778.000, 	  1995.000, ...
  2239.000, 	  2512.000, 	  2818.000, ...
  3162.000, 	  3548.000, 	  3981.000, ...
  4467.000, 	  5012.000, 	  5623.000, ...
  6310.000, 	  7079.000, 	  7943.000, ...
  8913.000, 	 10000.000, 	 11220.000, ...
 12590.000, 	 14130.000, 	 15850.000, ...
 17780.000, 	 19950.000, 	 22390.000, ...
 25120.000, 	 28180.000, 	 31620.000, ...
 35480.000, 	 39810.000, 	 44670.000, ...
 50120.000, 	 56230.000, 	 63100.000, ...
 70790.000, 	 79430.000, 	 89130.000, ...
100000.000];

mag_dB = [...
     6.597, 	     6.590, 	     6.580, ...
     6.567, 	     6.551, 	     6.531, ...
     6.506, 	     6.475, 	     6.437, ...
     6.389, 	     6.330, 	     6.256, ...
     6.167, 	     6.056, 	     5.922, ...
     5.761, 	     5.566, 	     5.334, ...
     5.059, 	     4.741, 	     4.370, ...
     3.945, 	     3.466, 	     2.931, ...
     2.351, 	     1.715, 	     1.031, ...
     0.305, 	    -0.527, 	    -1.322, ...
    -2.159, 	    -3.008, 	    -3.877, ...
    -4.730, 	    -5.635, 	    -6.573, ...
    -7.501, 	    -8.462, 	    -9.407, ...
   -10.287, 	   -11.246, 	   -12.287, ...
   -13.257, 	   -14.132, 	   -15.107, ...
   -16.139, 	   -17.124, 	   -18.115, ...
   -19.112, 	   -20.181, 	   -21.190, ...
   -22.090, 	   -23.111, 	   -24.142, ...
   -25.182, 	   -26.239, 	   -27.460, ...
   -28.565, 	   -29.699, 	   -30.880, ...
   -32.108];

mag_v = [...
     2.137, 	     2.135, 	     2.133, ...
     2.130, 	     2.126, 	     2.121, ...
     2.115, 	     2.107, 	     2.098, ...
     2.087, 	     2.072, 	     2.055, ...
     2.034, 	     2.008, 	     1.977, ...
     1.941, 	     1.898, 	     1.848, ...
     1.790, 	     1.726, 	     1.654, ...
     1.575, 	     1.490, 	     1.401, ...
     1.311, 	     1.218, 	     1.126, ...
     1.036, 	     0.941, 	     0.859, ...
     0.780, 	     0.707, 	     0.640, ...
     0.580, 	     0.523, 	     0.469, ...
     0.422, 	     0.377, 	     0.339, ...
     0.306, 	     0.274, 	     0.243, ...
     0.217, 	     0.197, 	     0.176, ...
     0.156, 	     0.139, 	     0.124, ...
     0.111, 	     0.098, 	     0.087, ...
     0.079, 	     0.070, 	     0.062, ...
     0.055, 	     0.049, 	     0.042, ...
     0.037, 	     0.033, 	     0.029, ...
     0.025];

mag_vout = [...
     1.290, 	     1.290, 	     1.290, ...
     1.291, 	     1.291, 	     1.292, ...
     1.292, 	     1.292, 	     1.291, ...
     1.290, 	     1.287, 	     1.282, ...
     1.276, 	     1.267, 	     1.254, ...
     1.239, 	     1.219, 	     1.196, ...
     1.167, 	     1.134, 	     1.095, ...
     1.052, 	     1.005, 	     0.953, ...
     0.899, 	     0.843, 	     0.785, ...
     0.728, 	     0.665, 	     0.611, ...
     0.557, 	     0.508, 	     0.461, ...
     0.419, 	     0.379, 	     0.341, ...
     0.307, 	     0.275, 	     0.247, ...
     0.223, 	     0.200, 	     0.177, ...
     0.159, 	     0.143, 	     0.128, ...
     0.114, 	     0.101, 	     0.090, ...
     0.080, 	     0.071, 	     0.064, ...
     0.058, 	     0.051, 	     0.045, ...
     0.040, 	     0.036, 	     0.031, ...
     0.027, 	     0.024, 	     0.021, ...
     0.018];

mag_vin = [...
     0.603, 	     0.604, 	     0.605, ...
     0.606, 	     0.607, 	     0.609, ...
     0.611, 	     0.613, 	     0.615, ...
     0.618, 	     0.621, 	     0.624, ...
     0.627, 	     0.631, 	     0.634, ...
     0.638, 	     0.642, 	     0.647, ...
     0.652, 	     0.657, 	     0.662, ...
     0.668, 	     0.674, 	     0.680, ...
     0.686, 	     0.692, 	     0.697, ...
     0.703, 	     0.707, 	     0.711, ...
     0.715, 	     0.718, 	     0.721, ...
     0.723, 	     0.725, 	     0.726, ...
     0.727, 	     0.728, 	     0.729, ...
     0.729, 	     0.730, 	     0.730, ...
     0.730, 	     0.730, 	     0.730, ...
     0.730, 	     0.728, 	     0.728, ...
     0.723, 	     0.722, 	     0.731, ...
     0.732, 	     0.732, 	     0.732, ...
     0.732, 	     0.732, 	     0.732, ...
     0.732, 	     0.732, 	     0.732, ...
     0.732];

phase_rad = [...
     3.060, 	     3.050, 	     3.039, ...
     3.027, 	     3.013, 	     2.997, ...
     2.980, 	     2.960, 	     2.939, ...
     2.915, 	     2.888, 	     2.859, ...
     2.827, 	     2.792, 	     2.753, ...
     2.712, 	     2.667, 	     2.620, ...
     2.569, 	     2.517, 	     2.462, ...
     2.407, 	     2.351, 	     2.295, ...
     2.241, 	     2.188, 	     2.137, ...
     2.088, 	     2.042, 	     2.000, ...
     1.960, 	     1.924, 	     1.890, ...
     1.858, 	     1.830, 	     1.804, ...
     1.780, 	     1.758, 	     1.737, ...
     1.718, 	     1.700, 	     1.684, ...
     1.669, 	     1.654, 	     1.640, ...
     1.627, 	     1.614, 	     1.601, ...
     1.589, 	     1.577, 	     1.565, ...
     1.552, 	     1.538, 	     1.525, ...
     1.511, 	     1.495, 	     1.479, ...
     1.462, 	     1.443, 	     1.422, ...
     1.399];
